------------------------------------------------------------
------------------------------------------------------------
|| 123 | 123 |     || 123 |     | 123 ||     | 123 | 123 ||
|| 456 | 456 |  3  || 456 |  2  | 456 ||  6  | 456 | 456 ||
|| 789 | 789 |     || 789 |     | 789 ||     | 789 | 789 ||
------------------------------------------------------------
||     | 123 | 123 ||     | 123 |     || 123 | 123 |     ||
||  9  | 456 | 456 ||  3  | 456 |  5  || 456 | 456 |  1  ||
||     | 789 | 789 ||     | 789 |     || 789 | 789 |     ||
------------------------------------------------------------
|| 123 | 123 |     ||     | 123 |     ||     | 123 | 123 ||
|| 456 | 456 |  1  ||  8  | 456 |  6  ||  4  | 456 | 456 ||
|| 789 | 789 |     ||     | 789 |     ||     | 789 | 789 ||
------------------------------------------------------------
------------------------------------------------------------
|| 123 | 123 |     ||     | 123 |     ||     | 123 | 123 ||
|| 456 | 456 |  8  ||  1  | 456 |  2  ||  9  | 456 | 456 ||
|| 789 | 789 |     ||     | 789 |     ||     | 789 | 789 ||
------------------------------------------------------------
||     | 123 | 123 || 123 | 123 | 123 || 123 | 123 |     ||
||  7  | 456 | 456 || 456 | 456 | 456 || 456 | 456 |  8  ||
||     | 789 | 789 || 789 | 789 | 789 || 789 | 789 |     ||
------------------------------------------------------------
|| 123 | 123 |     ||     | 123 |     ||     | 123 | 123 ||
|| 456 | 456 |  6  ||  7  | 456 |  8  ||  2  | 456 | 456 ||
|| 789 | 789 |     ||     | 789 |     ||     | 789 | 789 ||
------------------------------------------------------------
------------------------------------------------------------
|| 123 | 123 |     ||     | 123 |     ||     | 123 | 123 ||
|| 456 | 456 |  2  ||  6  | 456 |  9  ||  5  | 456 | 456 ||
|| 789 | 789 |     ||     | 789 |     ||     | 789 | 789 ||
------------------------------------------------------------
||     | 123 | 123 ||     | 123 |     || 123 | 123 |     ||
||  8  | 456 | 456 ||  2  | 456 |  3  || 456 | 456 |  9  ||
||     | 789 | 789 ||     | 789 |     || 789 | 789 |     ||
------------------------------------------------------------
|| 123 | 123 |     || 123 |     | 123 ||     | 123 | 123 ||
|| 456 | 456 |  5  || 456 |  1  | 456 ||  3  | 456 | 456 ||
|| 789 | 789 |     || 789 |     | 789 ||     | 789 | 789 ||
------------------------------------------------------------
------------------------------------------------------------
